-1
0
-1
1
-1
-1
-1
9
7
3
-1
8
-1
-1
-1
-1
-1
-1
-1
-1
-1
-1
-1
-1
-1
-1
-1
11
-1
-1
-1
-1
27
-1
-1
32
-1
35
37
-1
-1
-1
-1
38
-1
-1
-1
-1
-1
-1
-1
-1
-1
-1
-1
-1
-1
-1
-1
43
-1
-1
-1
-1
-1
-1
-1
-1
-1
-1
-1
-1
-1
-1
-1
-1
78
-1
59
-1
-1
-1
-1
-1
76
-1
-1
-1
-1
-1
-1
-1
-1
-1
-1
84
-1
99
95
98
-1
-1
-1
-1
-1
-1
97
-1
106
-1
-1
-1
-1
-1
125
-1
-1
-1
114
108
-1
-1
-1
-1
136
119
-1
-1
-1
-1
-1
-1
-1
-1
118
-1
134
-1
-1
-1
-1
-1
-1
-1
-1
-1
-1
-1
-1
-1
-1
-1
-1
-1
-1
-1
-1
-1
-1
-1
-1
-1
-1
124
-1
-1
-1
-1
-1
-1
-1
-1
-1
-1
-1
-1
-1
-1
-1
-1
-1
-1
-1
-1
-1
-1
163
-1
-1
-1
-1
-1
-1
-1
186
-1
-1
-1
-1
-1
-1
-1
-1
-1
194
-1
-1
-1
-1
-1
-1
-1
-1
204
-1
-1
-1
-1
-1
-1
-1
-1
-1
-1
-1
-1
-1
-1
-1
-1
213
-1
-1
-1
-1
-1
230
-1
-1
-1
-1
-1
-1
-1
-1
236
-1
-1
-1
-1
-1
-1
-1
-1
245
-1
-1
-1
-1
-1
-1
-1
-1
-1
254
-1
-1
-1
-1
-1
-1
-1
-1
-1
-1
-1
-1
264
-1
-1
-1
-1
-1
-1
-1
-1
-1
-1
-1
-1
-1
-1
-1
-1
-1
-1
-1
-1
-1
-1
-1
-1
-1
-1
313
277
-1
304
305
-1
-1
-1
307
330
-1
-1
-1
-1
-1
-1
-1
308
-1
-1
-1
-1
-1
-1
335
-1
350
-1
312
-1
-1
321
-1
-1
-1
-1
-1
332
-1
-1
-1
-1
-1
328
-1
-1
365
-1
341
-1
352
-1
-1
354
347
-1
-1
-1
-1
-1
-1
378
-1
-1
-1
-1
395
-1
-1
357
370
-1
377
380
374
-1
358
-1
-1
-1
-1
-1
-1
-1
394
-1
-1
-1
-1
-1
373
432
-1
400
376
408
388
-1
-1
-1
-1
-1
-1
-1
397
399
-1
-1
-1
398
-1
-1
-1
-1
-1
-1
-1
-1
-1
-1
-1
-1
-1
-1
409
-1
-1
-1
445
-1
-1
-1
-1
413
-1
-1
-1
-1
-1
-1
-1
450
437
-1
-1
-1
487
-1
-1
-1
-1
-1
-1
-1
-1
446
-1
428
-1
-1
459
-1
-1
-1
464
481
-1
-1
-1
461
-1
468
-1
-1
479
475
469
489
-1
-1
-1
478
-1
480
-1
494
-1
485
-1
-1
495
503
-1
-1
-1
473
-1
-1
-1
517
-1
-1
-1
-1
491
499
-1
-1
-1
-1
-1
-1
508
519
-1
516
-1
-1
-1
-1
-1
-1
-1
-1
509
-1
-1
538
-1
537
-1
-1
531
539
528
540
541
560
-1
533
-1
-1
-1
536
-1
-1
-1
543
-1
551
-1
-1
-1
-1
-1
-1
570
-1
-1
547
-1
-1
-1
-1
-1
553
563
-1
-1
-1
-1
-1
-1
-1
-1
569
-1
-1
-1
-1
-1
-1
-1
-1
579
-1
-1
-1
-1
-1
-1
-1
588
596
-1
-1
-1
597
-1
-1
-1
-1
-1
-1
-1
-1
-1
-1
-1
-1
-1
-1
-1
-1
601
-1
-1
-1
-1
618
-1
-1
-1
-1
-1
-1
-1
-1
-1
-1
-1
-1
-1
-1
-1
-1
-1
-1
-1
-1
-1
623
-1
-1
-1
671
-1
-1
-1
-1
-1
-1
-1
-1
649
-1
-1
645
-1
-1
658
-1
-1
-1
-1
-1
674
670
-1
664
661
-1
-1
-1
673
-1
-1
-1
-1
-1
-1
-1
-1
678
-1
-1
-1
-1
-1
-1
-1
-1
-1
-1
-1
-1
-1
-1
-1
-1
687
-1
-1
-1
-1
-1
704
-1
-1
-1
-1
-1
-1
-1
-1
-1
710
-1
-1
-1
-1
-1
-1
-1
-1
-1
-1
720
731
-1
-1
-1
-1
-1
-1
-1
-1
-1
-1
-1
-1
747
-1
732
-1
-1
-1
-1
-1
-1
-1
-1
-1
-1
-1
-1
745
-1
-1
-1
-1
-1
-1
-1
-1
-1
-1
-1
-1
-1
760
-1
-1
-1
-1
-1
-1
-1
-1
-1
-1
774
-1
-1
-1
785
-1
-1
-1
789
798
-1
793
-1
799
796
794
-1
-1
812
803
-1
-1
-1
800
-1
-1
-1
844
-1
-1
804
-1
-1
-1
808
-1
819
-1
-1
815
821
842
-1
-1
825
829
838
-1
-1
-1
-1
-1
830
826
-1
-1
-1
854
851
863
837
824
843
846
853
-1
845
831
862
849
-1
847
852
-1
-1
-1
-1
856
866
-1
-1
873
-1
-1
-1
-1
848
-1
874
857
-1
-1
871
-1
-1
881
877
-1
-1
-1
-1
880
-1
-1
-1
-1
-1
-1
-1
-1
886
-1
-1
-1
-1
895
-1
-1
-1
900
-1
-1
-1
-1
-1
904
-1
-1
-1
-1
-1
-1
-1
-1
-1
-1
910
-1
-1
-1
921
-1
-1
-1
-1
925
-1
935
-1
-1
937
930
940
-1
-1
936
-1
-1
932
-1
-1
-1
-1
-1
-1
-1
-1
943
-1
-1
-1
952
-1
-1
-1
-1
956
-1
-1
-1
961
-1
-1
-1
-1
-1
-1
-1
-1
-1
-1
-1
-1
-1
965
-1
-1
-1
-1
-1
-1
-1
-1
979
-1
-1
-1
-1
994
988
-1
-1
-1
993
-1
-1
-1
-1
-1
-1
998
-1
-1
-1
-1
1005
-1
-1
1010
1013
-1
-1
-1
-1
-1
-1
-1
1014
-1
-1
-1
-1
-1
-1
1022
-1
-1
-1
-1
-1
-1
-1
-1
1029
-1
-1
1038
-1
-1
-1
-1
-1
1041
-1
-1
-1
-1
-1
-1
-1
1047
-1
-1
-1
-1
-1
-1
-1
-1
-1
-1
-1
-1
1055
-1
-1
-1
-1
-1
-1
-1
-1
-1
-1
-1
-1
1068
1081
-1
-1
1082
-1
-1
1085
-1
1088
-1
-1
-1
1090
-1
-1
1094
-1
-1
1097
1100
-1
-1
-1
-1
-1
-1
1101
1108
-1
-1
-1
1109
-1
-1
1118
-1
1113
-1
-1
-1
-1
-1
-1
-1
-1
1116
-1
-1
-1
-1
-1
-1
-1
-1
1127
-1
-1
-1
-1
1136
-1
-1
-1
-1
-1
-1
-1
-1
-1
-1
-1
1141
-1
-1
-1
-1
-1
1153
-1
-1
-1
-1
-1
-1
1159
-1
-1
1166
-1
-1
-1
-1
-1
-1
1169
-1
1176
-1
-1
-1
-1
-1
-1
1178
-1
-1
1185
-1
-1
-1
-1
-1
-1
-1
-1
-1
-1
1188
-1
-1
-1
-1
-1
-1
1199
-1
-1
1206
-1
-1
-1
-1
1209
-1
-1
1214
1237
-1
1217
-1
-1
1220
-1
1223
-1
-1
-1
-1
-1
-1
1218
-1
-1
-1
-1
1225
1232
-1
-1
-1
-1
-1
-1
-1
-1
-1
-1
-1
-1
1238
1251
-1
-1
-1
-1
-1
-1
-1
-1
-1
-1
-1
1252
-1
1264
-1
-1
-1
-1
-1
-1
-1
1266
-1
-1
-1
-1
-1
-1
-1
-1
-1
-1
1274
-1
-1
-1
-1
-1
-1
-1
-1
-1
1285
-1
-1
-1
-1
-1
-1
-1
-1
-1
-1
-1
-1
-1
1295
-1
-1
-1
-1
-1
-1
-1
-1
-1
-1
-1
-1
1309
-1
-1
-1
-1
-1
-1
-1
-1
-1
1322
-1
-1
-1
-1
-1
-1
-1
-1
-1
-1
-1
-1
-1
-1
-1
-1
-1
-1
-1
-1
-1
-1
-1
-1
-1
-1
-1
-1
1332
-1
-1
-1
-1
-1
-1
-1
-1
-1
1361
-1
-1
-1
-1
-1
-1
-1
-1
-1
-1
1371
-1
-1
-1
1382
1386
-1
-1
-1
-1
-1
-1
-1
1387
1411
-1
-1
-1
-1
-1
-1
-1
-1
-1
1395
-1
-1
-1
-1
1420
-1
-1
-1
-1
-1
-1
1422
1436
1428
-1
1419
-1
-1
-1
-1
-1
1459
1418
1434
-1
1396
-1
1444
1439
1454
-1
-1
1406
-1
-1
1432
-1
1455
1430
1474
-1
1456
1435
-1
1461
-1
-1
1446
1451
1488
1442
1457
1477
-1
1505
1449
1458
1445
-1
1463
1466
-1
1462
-1
-1
-1
-1
1484
1469
1464
1475
-1
1467
-1
-1
-1
1479
1485
1493
-1
1476
1487
-1
-1
-1
-1
1494
1483
-1
-1
-1
-1
1429
-1
-1
1503
1499
-1
1522
-1
-1
-1
-1
-1
-1
1502
-1
-1
-1
-1
-1
-1
-1
-1
-1
1512
-1
-1
-1
-1
-1
-1
-1
-1
-1
-1
-1
-1
-1
-1
-1
-1
-1
-1
-1
-1
-1
-1
-1
-1
-1
-1
-1
1552
-1
1448
-1
-1
-1
1550
-1
-1
-1
-1
-1
-1
-1
-1
-1
-1
-1
-1
-1
-1
-1
-1
-1
-1
-1
-1
1556
-1
-1
-1
-1
-1
-1
-1
-1
-1
-1
-1
-1
-1
-1
-1
-1
-1
-1
-1
-1
-1
-1
-1
-1
-1
-1
-1
-1
-1
-1
-1
-1
-1
-1
-1
-1
-1
-1
1577
-1
-1
-1
-1
-1
-1
-1
-1
-1
-1
-1
-1
1616
-1
-1
-1
-1
-1
-1
-1
-1
-1
-1
-1
-1
-1
-1
-1
-1
-1
-1
-1
-1
-1
1629
-1
-1
-1
-1
-1
1651
1657
-1
-1
-1
-1
-1
-1
-1
-1
1658
-1
-1
-1
-1
-1
1667
-1
1673
-1
1675
