-1
-1
-1
-1
0
-1
4
-1
-1
-1
6
10
-1
-1
-1
-1
-1
18
11
-1
17
-1
-1
-1
-1
-1
20
-1
-1
-1
-1
-1
-1
-1
-1
-1
26
-1
-1
-1
-1
36
-1
-1
-1
41
-1
-1
45
-1
-1
-1
-1
-1
-1
-1
48
-1
56
-1
62
-1
58
-1
60
64
65
69
66
72
71
67
68
-1
-1
70
-1
-1
75
-1
83
-1
80
85
78
84
-1
82
-1
-1
87
90
-1
-1
-1
91
-1
-1
95
-1
-1
98
-1
-1
101
-1
-1
-1
-1
104
109
-1
113
110
-1
112
-1
-1
115
-1
-1
118
-1
121
-1
-1
-1
-1
123
-1
-1
-1
-1
-1
-1
-1
-1
128
-1
137
-1
-1
-1
139
-1
-1
-1
143
-1
-1
-1
-1
-1
147
-1
-1
157
153
163
161
-1
158
-1
156
-1
159
-1
-1
165
168
-1
